0 0.052381 0.709936 0 0.10649
1 0.1 1.42788 0 0.214183
2 0.528571 1.42788 1.15385 1.19495
4 1.1 1.42788 2.61878 2.44014
8 1.81429 1.42788 3.85747 3.49303
11 1.84286 2.07372 3.85747 3.5899
13 2.27143 2.07372 5.3224 4.8351
14 2.7 2.07372 6.73077 6.03221
17 2.98571 2.07372 7.9836 7.09712
18 3.50952 2.07372 9.13744 8.07788
20 3.84286 2.07372 10.2489 9.0226
21 4.17619 2.07372 11.5017 10.0875
22 4.50952 2.07372 12.9525 11.3207
24 4.89048 2.07372 14.1629 12.3495
25 5.31905 2.07372 15.6278 13.5947
27 5.74762 2.07372 16.7393 14.5394
28 5.77619 2.72756 16.7393 14.6375
30 5.81429 3.35737 16.7393 14.732
31 6.3381 3.35737 17.9497 15.7608
33 6.37143 4.01122 17.9497 15.8589
39 6.8 4.01122 19.1601 16.8877
41 7.18095 4.01122 20.2715 17.8325
55 7.65714 4.01122 21.4819 18.8613
59 8.0381 4.01122 22.7347 19.9262
61 8.46667 4.01122 24.1997 21.1714
62 8.84762 4.01122 25.4101 22.2002
64 9.27619 4.01122 26.5498 23.169
66 9.75238 4.01122 27.9157 24.33
67 9.78571 4.69712 27.9157 24.4329
69 10.2619 4.69712 29.3807 25.6781
72 10.5952 4.69712 30.3931 26.5387
73 10.9762 4.69712 31.759 27.6998
81 11.3571 4.69712 33.026 28.7767
86 11.7381 4.69712 34.2364 29.8055
88 12.2619 4.69712 35.4327 30.8224
91 12.5952 4.69712 36.5724 31.7911
97 12.9762 4.69712 37.6131 32.6757
102 13.5 4.69712 38.7528 33.6445
103 13.9762 4.69712 40.1471 34.8296
110 14.4048 4.69712 41.4989 35.9786
111 14.7857 4.69712 42.8083 37.0916
113 15.2619 4.69712 43.9621 38.0724
143 15.6429 4.69712 45.1301 39.0651
148 16.0714 4.69712 46.3971 40.1421
161 16.6429 4.69712 47.9044 41.4233
164 17.0238 4.69712 49.2562 42.5724
201 17.5 4.69712 50.5656 43.6853
207 17.8333 4.69712 51.974 44.8825
224 18.3095 4.69712 53.241 45.9594
243 18.6429 4.69712 54.5503 47.0724
254 19.119 4.69712 55.6335 47.993
263 19.5476 4.69712 56.7308 48.9257
279 19.881 4.69712 57.927 49.9425
280 20.3571 4.69712 59.2364 51.0555
287 20.7381 4.69712 60.3337 51.9882
301 21.2143 4.69712 61.431 52.9209
303 21.5952 4.69712 62.5848 53.9017
320 21.881 4.69712 63.8801 55.0026
386 22.1667 4.69712 65.1895 56.1156
429 22.5 4.69712 66.3999 57.1445
459 22.8333 4.69712 67.7093 58.2575
490 23.3095 4.69712 69.0187 59.3704
