14 1 2 3 4 5 6 7 8 9 10 11 12 13 14 
1 -1 0.178 0.161 -1 -1 0.255 -1 -1 -1 -1 -1 -1 -1 -1 
2 0.178 -1 0.14 0.214 -1 -1 -1 -1 -1 -1 -1 -1 -1 -1 
3 0.161 0.14 -1 -1 -1 -1 -1 -1 0.215 -1 -1 -1 -1 -1 
4 -1 0.214 -1 -1 0.18 -1 0.362 -1 -1 -1 -1 -1 -1 0.241 
5 -1 -1 -1 0.18 -1 -1 -1 -1 -1 0.242 -1 -1 -1 -1 
6 0.255 -1 -1 -1 -1 -1 0.282 -1 -1 -1 0.313 -1 -1 -1 
7 -1 -1 -1 0.362 -1 0.282 -1 0.292 -1 -1 -1 -1 -1 -1 
8 -1 -1 -1 -1 -1 -1 0.292 -1 0.282 -1 -1 -1 -1 -1 
9 -1 -1 0.215 -1 -1 -1 -1 0.282 -1 0.363 -1 -1 -1 -1 
10 -1 -1 -1 -1 0.242 -1 -1 -1 0.363 -1 -1 0.21 0.201 -1 
11 -1 -1 -1 -1 -1 0.313 -1 -1 -1 -1 -1 0.18 0.202 -1 
12 -1 -1 -1 -1 -1 -1 -1 -1 -1 0.21 0.18 -1 -1 0.2 
13 -1 -1 -1 -1 -1 -1 -1 -1 -1 0.201 0.202 -1 -1 0.182 
14 -1 -1 -1 0.241 -1 -1 -1 -1 -1 -1 -1 0.2 0.182 -1 
