8 1 2 3 4 5 6 7 8 
1 0 0.735 0.7175 0.81375 0.81375 0.7875 0.735 0.735 
2 0 0.735 0.7175 0.81375 0.81375 0.81375 0.735 0.7 
3 0 0.735 0.7175 0.81375 0.7875 0.81375 0.735 0.735 
4 0.104 0.84 0.82 0.63 0.63 0.63 0.8 0.8 
5 0 0.7 0.7175 0.7875 0.7875 0.7875 0.7 0.735 
6 0 0.7 0.7 0.7875 0.7875 0.7875 0.7 0.7 
7 0 0.7 0.7 0.7875 0.7875 0.7875 0.7 0.7 
8 0 0.7 0.7 0.7875 0.7875 0.7875 0.175 0.7 
9 0.224 0.8 0 0.6 0.6 0.6 0 0.8 
10 0.2 0.8 0 0.6 0.6 0.6 0 0.8 
11 0.282 0.8 0 0.6 0.6 0.6 0 0.8 
12 0 0.7 0 0.525 0.7875 0.7875 0 0.7 
13 0.162 0.8 0 0 0.6 0.6 0 0.8 
14 0.142 0.8 0 0 0.6 0.6 0 0.8 
