8 1 2 3 4 5 6 7 8 
1 0.164141 0.470588 0.713412 0.846118 0.832941 0.467765 0.418118 0.820706 
2 0.0795294 0.235059 0.755765 0.798118 0.847059 0.591529 0.245647 0.830118 
3 0.1616 0.374824 0.749176 0.784941 0.844235 0.602824 0.191529 0.676706 
4 0.0884706 0.233176 0.716235 0.816941 0.698353 0.463059 0.171765 0.648471 
5 0.0534588 0.202118 0.576 0.371765 0.448 0.113412 0.122588 0.232471 
6 0.137318 0.0244706 0.445176 0.416941 0.416941 0.117176 0.0272941 0.338824 
7 0.144753 0.271529 0.558118 0.821647 0.618353 0.237176 0.213647 0.523294 
8 0.0495059 0.0637647 0.236235 0.437647 0.332235 0.367529 0.088 0.352 
9 0.0803765 0.437882 0.462118 0.779294 0.714353 0.594353 0.411059 0.732235 
10 0.0938353 0.177412 0.619294 0.725647 0.790588 0.254118 0.0336471 0.523294 
11 0.0688941 0 0.0988235 0.239059 0.337882 0 0 0 
12 0.0582588 0.281647 0.702118 0.596706 0.485647 0.382588 0.108 0.584471 
13 0.164235 0.431294 0.829176 0.792471 0.700235 0.461647 0.292941 0.704941 
14 0.0474353 0.028 0.355765 0.343529 0.361412 0.0644706 0 0.333176 
15 0.107671 0.178588 0.605176 0.654118 0.693647 0.269647 0.141412 0.703059 
16 0.0644706 0 0 0.117647 0.100706 0 0 0 
17 0.0723765 0 0.126118 0.353882 0.0978824 0 0 0 
18 0.0823529 0.108235 0.334118 0.491294 0.480941 0.168941 0 0.262588 
19 0.159247 0.330353 0.831059 0.858353 0.750118 0.481882 0.341176 0.472471 
20 0.0213647 0 0.357647 0.421647 0.363294 0 0 0.359529 
21 0.0928941 0 0.0950588 0.387765 0.344471 0 0 0.239059 
22 0.0859294 0.328471 0.779294 0.756706 0.840471 0.360941 0.304706 0.601412 
23 0.0635294 0 0.334118 0.235294 0.481882 0 0 0 
24 0.0664471 0 0 0.121412 0.102588 0 0 0.0978824 
