8 1 2 3 4 5 6 7 8 
1 0.00533333 0.386667 0.96 0.96 0.8 0.506667 0.226667 0.96 
2 0.0106667 0.333333 0.96 0.96 0.96 0.56 0.213333 0.96 
3 0.016 0 0 0 0 0 0 0 
4 0.016 0 0 0 0 0 0 0 
5 0.0106667 0 0 0 0 0 0 0 
6 0.0266667 0 0 0 0 0 0 0 
7 0.00533333 0 0 0 0 0 0 0 
8 0.016 0 0 0 0 0 0 0 
9 0.016 0 0 0 0 0 0 0 
10 0 0 0 0 0 0 0 0 
11 0.00533333 0 0 0 0 0 0 0 
12 0.0213333 0 0 0 0 0 0 0 
13 0.0266667 0 0 0 0 0 0 0 
14 0.032 0 0 0 0 0 0 0 
15 0.0106667 0 0 0 0 0 0 0 
16 0.0106667 0 0 0 0 0 0 0 
17 0.0213333 0 0 0 0 0 0 0 
18 0.0266667 0 0 0 0 0 0 0 
19 0.0373333 0 0 0 0 0 0 0 
20 0.0266667 0 0 0 0 0 0 0 
21 0.00533333 0 0 0 0 0 0 0 
22 0 0 0 0 0 0 0 0 
23 0.0106667 0 0 0 0 0 0 0 
24 0 0 0 0 0 0 0 0 
